((("_sock" .
   [1 0 0 0 0])
  ("connect" .
   [2 0 0 0 0 0 0])
  ("disconnect" .
   [1 0 0 0 0 0 0 0 0 0])
  ("retry" .
   [4 0 0 0 0])
  ("con_retry" .
   [3 0 0 0 0 0 0 0 0])
  ("db" .
   [1 0])
  ("parse_resp" .
   [0 0 0 0 0 1 0 0 0 0])
  ("length" .
   [1 0 0 0 0 0])
  ("read" .
   [2 0 0 0])
  ("flag" .
   [1 0 0 0])
  ("arity" .
   [3 0 0 0 0])
  ("int" .
   [2 0 0])
  ("str" .
   [2 0 0])
  ("resp" .
   [5 0 0 0])
  ("redisCommand" .
   [1 0 0 0 0 0 0 0 0 0 0 0])
  ("self2" .
   [3 0 0 0 0])
  ("__init__" .
   [1 0 0 0 0 0 0 0])
  ("object" .
   [2 0 0 0 0 0])
  ("class" .
   [1 0 0 0 0])
  ("cmd" .
   [7 0 0])
  ("arg" .
   [1 0 0])
  ("__name__" .
   [2 0 0 0 0 0 0 0])
  ("runcmd" .
   [5 0 0 0 0 0])
  ("eval" .
   [1 0 0 0])
  ("lambda" .
   [3 0 0 0 0 0])
  ("r" .
   [3])
  ("c" .
   [4])
  ("cmdname" .
   [5 0 0 0 0 0 0])
  ("a" .
   [3])
  ("self" .
   [30 0 0 0])
  ("set" .
   [1 0 0])
  ("extractcmd" .
   [1 0 0 0 0 0 0 0 0 0])
  ("args" .
   [11 0 0 0])
  ("wrapped" .
   [2 0 0 0 0 0 0])
  ("func" .
   [4 0 0 0])
  ("else" .
   [2 0 0 0])
  ("ready" .
   [1 0 0 0 0])
  ("select" .
   [2 0 0 0 0 0])
  ("mysocket" .
   [1 0 0 0 0 0 0 0])
  ("data" .
   [2 0 0 0])
  ("color-theme-clarity" .
   [0 0 0 0 0 0 0 0 0 0 0 0 0 0 0 0 1 0 0])
  ("color-theme-euphoria" .
   [0 0 0 0 0 0 0 0 0 0 0 0 0 0 1 0 0 0 0 0])
  ("10" .
   [1 0])
  ("defm" .
   [0 0 0 1])
  ("in" .
   [1 0])
  ("for" .
   [1 0 3])
  ("import" .
   [4 0 1 0 2 0])
  ("format" .
   [0 0 1 1 1 0])
  ("turtle" .
   [2 0 0 1 1 0])
  ("type" .
   [0 1 0 0])
  ("this" .
   [1 0 0 0])
  ("xrange" .
   [0 0 1 0 0 0])
  ("pass" .
   [1 0 0 0])
  ("ac-next" .
   [1 0 0 0 0 0 0])
  ("print" .
   [4 0 0 0 0])
  ("iso" .
   [1 0 0])
  ("ii" .
   [1 0])
  ("finally" .
   [1 0 0 0 0 0 0])
  ("return" .
   [7 0 0 0 0 0])
  ("mobswitch" .
   [0 0 0 1 0 0 0 0 0])
  ("True" .
   [1 0 0 0])
  ("try" .
   [5 0 0])
  ("except" .
   [3 0 0 0 0 0])
  ("continue" .
   [1 0 0 0 0 0 0 0])
  ("socket" .
   [1 0 0 0 0 0])
  ("error" .
   [2 0 0 0 0])
  ("None" .
   [3 0 0 0])
  ("RedisError" .
   [0 0 1 0 0 0 0 0 0 0])
  ("NodeError" .
   [0 0 0 0 1 0 0 0 0])
  ("name" .
   [2 0 0 0])
  ("flags" .
   [1 0 0 0 0])
  ("vm_firstkey" .
   [1 0 0 0 0 0 0 0 0 0 0])
  ("vm_lastkey" .
   [1 0 0 0 0 0 0 0 0 0])
  ("vm_keystep" .
   [1 0 0 0 1 0 0 0 0 0])
  ("cmdlist" .
   [2 0 0 0 0 0 0])
  ("listCommands" .
   [1 0 0 0 0 0 0 0 0 0 0 0])
  ("redisClient" .
   [2 0 0 0 0 0 0 0 0 0 0])
  ("NULL" .
   [1 0 0 0])
  ("void" .
   [1 0 0 0])
  ("safe" .
   [1 0 0 0])
  ("def" .
   [1 0 0])
  ("val" .
   [3 0 0])
  ("release" .
   [1 0 0 0 0 0 0])
  ("send" .
   [1 0 0 0])
  ("execute" .
   [1 0 0 0 0 0 0])))
